0.000000000000000000e+00 5.853729200869649318e+00 1.581651321998284621e+00 0.000000000000000000e+00 6.510240874791957122e-01 1.525760325085121286e-03 1.258090157950505356e-02 1.901915041782895749e-02 2.221842502168921984e-02 6.776047906587280394e-03 3.876126301043614979e-04 5.758934093104225342e-04 2.496709544822705087e-02 3.560503188101034333e-03 0.000000000000000000e+00 0.000000000000000000e+00 1.140253987125073231e-03 3.944349573064770756e-04 6.366437547876259515e-04 2.315662893856976407e-04 6.025989632468499923e-04 7.369834828625717324e-04 1.770410747533339782e-02 2.173681394385855795e-03 3.058201602614996507e-03 6.513065018857812404e-04 6.463685509658713413e-02 1.992021510223324771e-02 2.075288322454131237e-02 4.408769566818564948e-04 2.494329618770373125e-01 8.793491747046829066e-02 2.317627218199104500e-02 0.000000000000000000e+00 1.559474561648810723e-02 2.441886282711617714e-02 2.840020323102068409e-02 3.701397911861448176e-02 1.660104729377142457e-02 0.000000000000000000e+00 3.638457612790388634e-03 3.049590121821688180e-03 0.000000000000000000e+00 4.080318915863048040e-03 1.327893325156961207e-02 0.000000000000000000e+00 1.005838227333742327e-03 0.000000000000000000e+00 0.000000000000000000e+00 0.000000000000000000e+00 0.000000000000000000e+00 1.106976556702818793e-03 0.000000000000000000e+00 0.000000000000000000e+00 0.000000000000000000e+00 0.000000000000000000e+00 3.869090240053587194e-03 4.359648268689196582e-03 2.325729036915847453e-02 9.960141394640204676e-03 0.000000000000000000e+00 3.948258062545791959e-03 0.000000000000000000e+00 0.000000000000000000e+00 2.546887118442936731e-03 1.444390772360253268e-03
5.853729200869649318e+00 0.000000000000000000e+00 5.702127986152712852e-02 0.000000000000000000e+00 2.518401299274585003e+00 1.375757796022208761e-02 1.439377510688508444e-01 2.234832230380575657e-01 1.934751809976068271e-01 6.610699481673189271e-02 1.017037643410344944e-02 1.129834234876535976e-02 4.663745272390924096e-02 3.307829864026989170e-02 1.050340417046984748e-02 7.224139140171061471e-03 7.050157805993269126e-03 3.393225712589436824e-03 4.388801801490087307e-03 2.774103969534197703e-03 1.476451661518006541e-03 1.918479298001471217e-03 1.173592761931446099e-01 3.453676148059880990e-02 2.960137618171475304e-02 2.363363012448421469e-03 2.546477382302548609e+00 4.283588926631571869e-01 3.182744850968139971e-01 1.040281882029498589e-02 3.700434821493522985e+00 1.157537809445608135e+00 2.239447414006594250e-01 1.112053394184360847e-02 1.040794599529184378e-01 1.734368454411103766e-01 4.111142624932126455e-02 1.662321372148684306e-01 8.911918586199481240e-02 0.000000000000000000e+00 8.602981866806946529e-03 1.384898402428876019e-02 7.019044384263828547e-03 7.321935732152296157e-03 6.285178338217031757e-02 4.523918780077925902e-03 7.284867297778017080e-03 0.000000000000000000e+00 4.236720003250805250e-03 5.360219469389288990e-03 2.735489546151399082e-03 8.979942860894546061e-03 8.917069209691931911e-03 1.393859259000779748e-02 0.000000000000000000e+00 5.852086711995668419e-03 1.744315536105264797e-02 1.368236147983076419e-02 1.428725041060295853e-01 8.732318634063118701e-02 9.189331272154720870e-03 2.179409706193407431e-02 0.000000000000000000e+00 7.009576061717603251e-03 1.351717737694409747e-02 5.399348783149151426e-03
1.581651321998284621e+00 5.702127986152712852e-02 0.000000000000000000e+00 7.134325817353566294e-03 1.517310310738185508e-01 0.000000000000000000e+00 1.333854176430739231e-02 4.045221345527427736e-03 4.952322628801292259e-01 7.846854605253295728e-03 2.510419841403674444e-03 5.033074489258789960e-03 1.909711119749592234e-01 6.716145922970095938e-01 5.592454203473015521e-04 4.722740569215535286e-04 1.741501391488146488e-03 1.118906749837520875e-03 7.024203550194330547e-04 4.462624075620955783e-03 1.324111768873550976e-02 1.497976167790143476e-01 0.000000000000000000e+00 3.391831765583554550e-03 1.213492938474861234e-03 2.618361097091257902e-02 2.453466959638168562e-02 9.684956895846459288e-03 4.844017545081124275e-03 3.328445622108642892e-04 4.465580625532350988e-03 2.914175378558650758e-03 4.300226592077733396e-04 0.000000000000000000e+00 1.609301631733070850e-02 0.000000000000000000e+00 0.000000000000000000e+00 0.000000000000000000e+00 0.000000000000000000e+00 0.000000000000000000e+00 6.888828332450838178e-03 2.423605651060614825e-03 6.485224448416680026e-03 3.371475356051063712e-03 0.000000000000000000e+00 0.000000000000000000e+00 9.562763800750887421e-04 0.000000000000000000e+00 0.000000000000000000e+00 0.000000000000000000e+00 0.000000000000000000e+00 0.000000000000000000e+00 0.000000000000000000e+00 1.111623986520199033e-03 0.000000000000000000e+00 0.000000000000000000e+00 0.000000000000000000e+00 0.000000000000000000e+00 6.372897685642692558e-03 3.195346000545558340e-03 0.000000000000000000e+00 1.343273647854497125e-03 0.000000000000000000e+00 0.000000000000000000e+00 0.000000000000000000e+00 0.000000000000000000e+00
0.000000000000000000e+00 0.000000000000000000e+00 7.134325817353566294e-03 0.000000000000000000e+00 8.143730026475377512e-04 1.088056601123281366e-03 5.023696560139100922e-04 9.175019426116188962e-04 2.487224994020669280e-03 3.405946318894782516e-03 3.059254505635995713e-03 1.730367963261040393e-03 5.857198866430933168e-03 1.000621216307679556e-02 2.351581102125131426e-03 5.599220682919983823e-03 1.098163863037083209e-02 1.364529990490031749e-02 4.525647472262863541e-02 1.055975245243175875e+00 5.323045579330123456e-01 1.308447360160781114e+00 2.230523387354861609e-01 4.549974144294738898e-01 7.910312040278041357e-01 4.149447792245754663e+00 5.993637470802061842e-04 0.000000000000000000e+00 4.425855307122066626e-04 2.009141549906359042e-03 2.860488713324921620e-02 5.837192807042119493e-03 2.511477135548943751e-02 2.953003056972575147e-01 5.257699924574164158e-02 2.253974984476007082e-01 1.693527720437829412e-02 0.000000000000000000e+00 3.885073781159958071e-03 1.308067156810223342e+00 3.801197696450820729e+00 1.640830420541922630e+00 2.514893241276646929e+00 1.137754806088078885e+00 4.060391702270143080e-03 1.817726075264623153e+00 1.986566813905911610e+00 4.437579205346646183e-01 2.378968804524031477e-02 7.156992768421975397e-03 2.439356295145484171e-03 2.824537873548302498e-03 3.471229687308352314e-03 0.000000000000000000e+00 0.000000000000000000e+00 0.000000000000000000e+00 0.000000000000000000e+00 0.000000000000000000e+00 1.157688824508512713e-03 2.540660601450335856e-03 0.000000000000000000e+00 0.000000000000000000e+00 6.835210533354048046e+00 0.000000000000000000e+00 2.839888509437199504e-03 1.250102719109084893e-03
6.510240874791957122e-01 2.518401299274585003e+00 1.517310310738185508e-01 8.143730026475377512e-04 0.000000000000000000e+00 5.804467275586675662e-03 1.184253137121585020e+01 1.705972933798306723e+00 5.874724235499192204e+00 1.702053917269288563e+00 1.842830301051622335e-02 1.562920634957863306e-02 3.424793066223034144e-01 1.206319968117385288e-01 1.855659616038590407e-02 3.885288493633854562e-02 1.147345337284669253e-01 3.076738032107789039e-02 1.160580632072567495e-02 3.579780143163847905e-02 1.854940853269327174e-03 4.433674500550229165e-03 3.490668886581259952e-03 1.910197389178339654e-04 1.197372332178234071e-02 2.550898175512970704e-04 7.851692372851236001e+00 7.079314752204635131e-01 3.442299727222311589e-01 1.294282776378063949e-03 1.818014168491317584e-01 2.311517848624349003e-01 6.106328950743787794e-03 8.555569401962483111e-03 4.195944568158011534e-01 1.665639384934829437e-01 2.352606374010167770e-02 2.284986745035222089e-01 2.169508580828394817e-01 7.790096099601162647e-04 1.116905720449507325e-02 1.682727741116936404e-02 1.313312807126846551e-03 2.667926120218384878e-03 1.277861286789816753e-01 0.000000000000000000e+00 5.014281870881906293e-03 1.034987936129746003e-03 0.000000000000000000e+00 4.228362327279780800e-03 5.204616810459293877e-03 2.758961709505440389e-03 2.770010726065101278e-02 2.831422865280402990e-02 1.123733951094213826e-03 1.306184748032549955e-02 1.490459772518643311e-01 1.125297664041381984e-01 4.749376708119092405e-01 3.521311063926495510e-01 9.249496134396077013e-03 1.026808261537455191e-01 0.000000000000000000e+00 1.214404769202161258e-03 4.240311229952567484e-03 3.820282218664476539e-04
1.525760325085121286e-03 1.375757796022208761e-02 0.000000000000000000e+00 1.088056601123281366e-03 5.804467275586675662e-03 0.000000000000000000e+00 2.276149668369215062e-02 4.069437436195513236e-01 9.498286249550288302e-03 9.900132844540313060e-02 1.221541337463515120e+00 2.413266087114558645e-01 4.691487510814579959e-02 7.259906085334486114e+00 2.296833064455707785e-01 5.237058392267394252e-02 8.985393612599687496e-03 4.195433077904642954e-02 3.846816837421503099e-02 9.388374939994583585e-03 3.015736424663539514e-02 1.828462978856178547e-02 7.286849817470010711e-03 0.000000000000000000e+00 1.224206081017851014e-02 0.000000000000000000e+00 5.475934052050820261e-03 9.334147849969177610e-03 9.469022836021070630e-03 1.987041186736598214e-02 2.315915072072876058e-01 1.171006982781986755e-01 3.820702781426911498e-02 7.618944252509848858e-02 2.965468770234591656e-01 2.048518954733820063e-01 1.803384761530785543e-02 2.951695291802748991e-02 3.364975774862347113e-02 0.000000000000000000e+00 2.130826268395931943e-03 1.482567273186628787e-02 4.176239520175782649e-03 2.291637517979626393e-02 1.150841001779954499e-02 0.000000000000000000e+00 6.417730513510523996e-03 2.975895833029893432e-03 1.164418777147106267e-02 7.148240226137232353e-03 1.559910358857879639e-02 4.649756685473825646e-02 3.938950302835748235e-02 2.823091046171871676e-02 1.573071596389787052e-02 6.444624758323692915e-02 5.172055069559427370e-02 3.003420457488931508e-02 2.402424868493385490e-01 2.997045166181466422e-02 3.266132948103687289e-02 2.733948690383340013e-02 0.000000000000000000e+00 0.000000000000000000e+00 5.978540040209252837e-02 6.406961629614788987e-04
1.258090157950505356e-02 1.439377510688508444e-01 1.333854176430739231e-02 5.023696560139100922e-04 1.184253137121585020e+01 2.276149668369215062e-02 0.000000000000000000e+00 8.578675379487865627e+00 3.813774709854524492e+00 7.859754893971000023e+00 4.101176656758635103e-02 7.698096024983760999e-02 2.285192178366795446e+00 6.225003080353532781e-01 1.875500015538382817e-02 4.205174044438511616e-02 1.134964454926341154e-01 3.349424940434539422e-02 1.276834385381785293e-02 3.997504720521617011e-02 3.080197359806695952e-03 9.400957720089503367e-03 1.360331809953185030e-03 1.619783661250080644e-04 1.462719661008669673e-02 1.102261169781439771e-03 9.781221675291106976e+00 1.354812899271170856e+01 7.655312246294215583e+00 3.133926259770233522e-03 4.726589404112129800e-01 5.253449018031249862e-01 4.896246095642606613e-03 2.268001343703633654e-02 1.349438725554211072e+00 6.895272368456081269e-01 1.426449934330930591e-01 1.555078574488105936e+00 1.541768819962299641e+00 0.000000000000000000e+00 1.603118147758297168e-02 1.786068512588516802e-02 2.175327596087723355e-03 3.162615046348714494e-03 8.282804573054571851e-01 8.884628923076448928e-04 4.065880661617428393e-03 2.008954432920914256e-03 1.607640879368494495e-03 8.461833643928606818e-03 9.318010052394052473e-03 8.991684727189155901e-03 8.733230221739263222e-02 1.065665701565775003e-01 3.008335590333962271e-03 7.691355777778310053e-03 4.939522003357056379e-01 2.503748963483463652e-01 2.099883712581715578e+00 2.421017885637665845e+00 1.569459968513870624e-02 4.997632511218286222e-01 0.000000000000000000e+00 9.773499309555773104e-03 1.074165714290653377e-02 1.510366361276324143e-03
1.901915041782895749e-02 2.234832230380575657e-01 4.045221345527427736e-03 9.175019426116188962e-04 1.705972933798306723e+00 4.069437436195513236e-01 8.578675379487865627e+00 0.000000000000000000e+00 5.380506164719969231e-01 1.717283919002932535e+01 5.207225646932388763e+00 1.803250621488231009e-01 5.840216560490876230e-01 1.095666959135591201e+00 6.215804529934874978e+00 1.938557275796090940e+00 8.304225255757328172e-01 3.446240499190339479e-01 6.704468915795408490e-02 1.511367398746368551e-01 1.715028131806333248e-02 1.713402140078372493e-02 3.236322079663044721e-02 2.522893680568075864e-03 7.341581998481833127e-01 8.233989180733998882e-04 1.438464379470072441e+00 3.068123073727697214e+00 1.078621278987495202e+01 1.277265114001989055e+00 1.525869776639104280e+00 1.027038722961641426e+01 2.706211654118664267e-01 4.891942664772074290e-01 5.520051205330412714e+00 1.931424419941345727e+00 2.272824175980716066e-01 2.200449806558641974e+00 1.792424869670598664e+00 6.039009029665053964e-03 5.762622844893625779e-02 4.065455566707041890e-01 3.641436274956082707e-03 4.110666819341875222e-02 8.721967241249274361e-01 4.895988407402925187e-03 4.695617160106580618e-02 2.007690656554097716e-02 8.929693793505916188e-02 1.217608387205846160e-01 3.720112392099362841e-01 6.235252441155109127e-01 7.433423594183680150e-01 5.432793461502691823e-01 8.175429197176592444e-02 9.421238797373655549e-01 1.456045533170396311e+00 9.872496647608847153e-01 5.807542088218271559e+00 2.745363755274928153e+00 1.595231600533116301e-01 8.195826561423481538e-01 0.000000000000000000e+00 3.271976765383479563e-02 5.951185684645385887e-01 3.468285365570825986e-03
2.221842502168921984e-02 1.934751809976068271e-01 4.952322628801292259e-01 2.487224994020669280e-03 5.874724235499192204e+00 9.498286249550288302e-03 3.813774709854524492e+00 5.380506164719969231e-01 0.000000000000000000e+00 3.330290068477379961e+00 2.238505720285561829e-01 1.477722908953374437e-01 8.434913077928012370e+00 2.337506411094347758e-01 5.677070342837878258e-02 1.388833788221190690e-01 4.987608943052811994e-01 2.353868899473686993e-01 8.510933729633070322e-02 2.604846025088263795e-01 2.113941528160055358e-02 1.615298266618781300e-02 6.843521630439291896e-03 3.252221105940252682e-04 4.013313902667923344e-02 5.122461100659626929e-04 6.594597322851493137e-01 2.709875994713850100e-01 1.266705619921797699e-01 3.114667588095815752e-03 1.037132279175230071e-01 1.480452838180358610e-01 8.909562255985751036e-03 2.999569285952508046e-02 7.441855827069877583e-01 2.210496578310527649e-01 1.299413686801186539e-02 1.578851587030992154e-01 1.321645027755894430e-01 1.537595663454253232e-03 1.098206826920364483e-02 8.776436770538667553e-02 0.000000000000000000e+00 1.282444439297744827e-02 7.022481528413417051e-02 0.000000000000000000e+00 2.148409407494747750e-02 7.382376516871385491e-03 1.038310204579647768e-02 2.812389314610728303e-02 1.945425010247784497e-02 1.586576810723880002e-02 7.890199708336358142e-02 8.190133506022884147e-02 5.778540327935721525e-03 3.805433775079872238e-02 2.083816621634903277e-01 1.809498607027655581e-01 6.267446709875361677e-01 2.128473301470103218e-01 9.068867556268681712e-03 1.032073678308233072e-01 0.000000000000000000e+00 2.471259406293225581e-03 2.542441757038060510e-02 2.672703101704538902e-04
6.776047906587280394e-03 6.610699481673189271e-02 7.846854605253295728e-03 3.405946318894782516e-03 1.702053917269288563e+00 9.900132844540313060e-02 7.859754893971000023e+00 1.717283919002932535e+01 3.330290068477379961e+00 0.000000000000000000e+00 7.703162983326883761e+00 3.911381877349621394e+00 9.284276962465394689e+00 1.139123871628156870e+00 7.813682742049408159e-01 1.478948836416138723e+00 1.866839128812432858e+00 1.309210284796282986e+00 4.483936607363493421e-01 7.221167737673402920e-01 9.918519892630441037e-02 5.101853949289550383e-02 2.693863264135516744e-02 1.710725303162559906e-03 3.271480557052737770e-01 1.169507457161329377e-03 2.412838510327767749e-01 9.096423880540092932e-02 1.272144298033605347e-01 2.928409127398817410e-02 3.650552554318265974e-01 9.565111348824116844e-01 3.547571983367735909e-02 1.335186249633060207e-01 1.356920245652585955e+00 4.606377652989085414e-01 3.764467037768699093e-02 4.209310034449145754e-01 2.566803266780769421e-01 3.468910622778506245e-03 2.067153803094368483e-02 3.890660672570538381e-01 7.207239620264267732e-03 7.579753362549096485e-02 1.406601419893059313e-01 2.369801524062858152e-03 9.508892454984554932e-02 2.189406587773728985e-02 5.262832740518376407e-02 9.653742557115420342e-02 1.308145311455056747e-01 8.802843999702010536e-02 1.708226424254356279e-01 1.741574152147223609e-01 1.441946512718625568e-02 9.336360628767424730e-02 3.863569109158641046e-01 3.175211126743144874e-01 1.303583241118221325e+00 4.841425427427499817e-01 3.078572106954261672e-02 1.657357374786370130e-01 1.653454748131381446e-03 8.007944230511078454e-03 1.301444936360111049e-01 6.472670132313035124e-04
3.876126301043614979e-04 1.017037643410344944e-02 2.510419841403674444e-03 3.059254505635995713e-03 1.842830301051622335e-02 1.221541337463515120e+00 4.101176656758635103e-02 5.207225646932388763e+00 2.238505720285561829e-01 7.703162983326883761e+00 0.000000000000000000e+00 2.634542223806962458e+00 1.401133960294958847e+00 4.718912790969662652e+00 9.598874007465569846e+00 1.997043445953434748e+00 3.391975575497491180e-01 1.730326096975187466e+00 8.849148312000231220e-01 4.078184360055643332e-01 2.683071573291233025e-01 1.395978174142053496e-01 5.180117888827349276e-02 2.839014648702024770e-03 1.922245816547655528e-01 2.080792286159624787e-03 1.544877948230848931e-02 1.258480424656056168e-02 8.776096426541139806e-03 2.883394213164412467e-01 3.382792027784294331e-01 4.124743410762651830e-01 2.197205872395382731e-01 6.155181994497453957e-01 1.321497043173658792e+00 3.680600731104906598e-01 3.031706413237296102e-02 2.724153903681091754e-02 1.028640773943056454e-02 5.914016374102146201e-03 1.245428285767850689e-02 3.163692306984640656e-01 1.777281315529450137e-02 9.237796522275380784e-02 1.113684179961398589e-02 3.697753648156160491e-03 1.466118372828807970e-01 3.402955040753594812e-02 6.566202168106310966e-02 9.393941211214930365e-02 2.976387688098336981e-01 7.165264621084419527e-01 1.959533662654945885e-01 8.399696457721307630e-02 3.102568757425326271e-02 4.855015982262551599e-01 1.059893812791894568e-01 8.524092613349544545e-02 1.225534950222577635e+00 4.486952457436720748e-02 4.954491473780073263e-02 2.685651564690452742e-02 1.119956285789800235e-02 6.653112878925545280e-03 9.032842973906307638e-01 0.000000000000000000e+00
5.758934093104225342e-04 1.129834234876535976e-02 5.033074489258789960e-03 1.730367963261040393e-03 1.562920634957863306e-02 2.413266087114558645e-01 7.698096024983760999e-02 1.803250621488231009e-01 1.477722908953374437e-01 3.911381877349621394e+00 2.634542223806962458e+00 0.000000000000000000e+00 5.444871074390341015e+00 5.503723142160887427e+00 5.244245380465423906e-02 3.378365735417179078e-02 8.519375055171132805e-02 1.469757460948710459e-01 1.250711717814586843e-01 6.745928747195804875e-02 5.901017728073408575e-02 2.128676507902144133e-02 1.314308439733244578e-02 5.729486662842133392e-04 2.505729164683436275e-02 5.558324419642589461e-04 2.686412589195204606e-02 3.578541163956480697e-02 2.559418060586695839e-02 1.262454775599979734e-02 1.246763279364872662e-01 9.412107593698137986e-02 3.693452725033465056e-02 8.760406960053267189e-02 2.681559613929451746e-01 1.705732549715502644e-01 6.721146106545083411e-03 1.312205018833283686e-02 1.102152745199621794e-02 0.000000000000000000e+00 3.769351183211335204e-03 4.234614205850634888e-02 2.573215068099070444e-03 2.767877869509356714e-02 6.124035951413685577e-03 3.064751491072658339e-03 1.919209856853640664e-02 9.275069588441719332e-03 9.770792259760583201e-03 1.285263355279167054e-02 1.147732643195013488e-02 7.000496737690006799e-02 3.481558783635124027e-02 1.041101059494614622e-02 2.837368684650180134e-03 3.546019038235039694e-02 3.780116424580376444e-02 2.301404379724069846e-02 2.164618900300711857e-01 2.145818061393525017e-02 1.597385440505569298e-02 9.073685197513137526e-03 9.614712842479777866e-03 0.000000000000000000e+00 6.217310694330498155e-02 0.000000000000000000e+00
2.496709544822705087e-02 4.663745272390924096e-02 1.909711119749592234e-01 5.857198866430933168e-03 3.424793066223034144e-01 4.691487510814579959e-02 2.285192178366795446e+00 5.840216560490876230e-01 8.434913077928012370e+00 9.284276962465394689e+00 1.401133960294958847e+00 5.444871074390341015e+00 0.000000000000000000e+00 4.693541849639463415e+00 1.043010141657055023e-01 1.870804163448807622e-01 6.201958159996020514e-01 4.902263012229329808e-01 2.631212062535335239e-01 4.267069335438344324e-01 8.619286355348151907e-02 9.676247517827192557e-02 1.781617905599518908e-02 2.458107432791270443e-03 8.715341477134856685e-02 4.855073521005628077e-03 4.893570326099462853e-01 2.666206177875167782e-01 1.244501748393008894e-01 1.072424039933155340e-02 1.768556665471633094e-01 1.991935639060671837e-01 3.387048776952999302e-02 7.387460394194719782e-02 7.740879279449758288e-01 2.487086203923342953e-01 1.111806175508371283e-02 1.102461023727832473e-01 7.798533308392716079e-02 1.376226156685414785e-03 2.010642270906625242e-02 1.874799285652783420e-01 0.000000000000000000e+00 4.376777496786254246e-02 4.639744321534695209e-02 5.185178453763741348e-03 6.017179387678218971e-02 1.947107479503453614e-02 3.122473649199818124e-02 6.702209325344009316e-02 4.634546835078266064e-02 6.009790196579375965e-02 8.630797438626221230e-02 7.057708439233360831e-02 8.864051261373524782e-03 8.385433768509595320e-02 1.795903875547484041e-01 1.710134828952196984e-01 6.720855049163678707e-01 1.387406634917872084e-01 2.454599556433562438e-02 8.682299461744116820e-02 3.820405991116805188e-03 2.171533265035408347e-03 5.819413830822376538e-02 1.407521035008863386e-04
3.560503188101034333e-03 3.307829864026989170e-02 6.716145922970095938e-01 1.000621216307679556e-02 1.206319968117385288e-01 7.259906085334486114e+00 6.225003080353532781e-01 1.095666959135591201e+00 2.337506411094347758e-01 1.139123871628156870e+00 4.718912790969662652e+00 5.503723142160887427e+00 4.693541849639463415e+00 0.000000000000000000e+00 2.315731931242357433e-01 1.237685627961326723e-01 5.295926179052971167e-02 1.476744048929365671e-01 1.619652165064021654e-01 9.061393470640777270e-02 9.473594366902815533e-02 3.469871605309556850e-01 1.724943017107611817e-02 4.548279073970725069e-03 7.674016073319003817e-02 2.843600038900956015e-02 2.483967449014127526e-01 1.690634784900350018e-01 1.072812713303331195e-01 4.455674912441685148e-02 3.190949543626375173e-01 4.008722929151782854e-01 9.009597568425549430e-02 2.183914494146718122e-01 1.174705106699680535e+00 3.326100743169235208e-01 2.506324328916983285e-02 8.993471349807606596e-02 6.337598814936218350e-02 7.189809017372126437e-03 1.499225637193546921e-02 1.082776286180650027e-01 9.982382606496590510e-03 3.423765924626443607e-02 4.733772289714620329e-02 6.197902417646363599e-03 5.832166576052499884e-02 1.355837602826984525e-02 2.123904130345054958e-02 2.989498784716302163e-02 5.875046225904363706e-02 2.132241127631520627e-01 1.740198919432445201e-01 8.631269618433312640e-02 1.947559783666998751e-02 2.591395222076972593e-01 2.254782437315256960e-01 1.782010697498586371e-01 9.774447811031750089e-01 1.452022874188323986e-01 3.689677391939948786e-02 8.869220361615050285e-02 2.182323580642222573e-03 5.716371038991235193e-03 1.404222545063995298e-01 1.532505718493775955e-04
0.000000000000000000e+00 1.050340417046984748e-02 5.592454203473015521e-04 2.351581102125131426e-03 1.855659616038590407e-02 2.296833064455707785e-01 1.875500015538382817e-02 6.215804529934874978e+00 5.677070342837878258e-02 7.813682742049408159e-01 9.598874007465569846e+00 5.244245380465423906e-02 1.043010141657055023e-01 2.315731931242357433e-01 0.000000000000000000e+00 2.012171589279227746e+01 8.754660980586924657e-01 5.311157418058524149e-01 1.187283750312314312e-01 9.417992926816412536e-02 5.468111275508452662e-02 5.149331417356253771e-02 1.679735020872208731e-02 9.730898058602888796e-04 4.064480482455780641e-01 7.472067223079816977e-04 1.665530717949984972e-03 1.943329799075852946e-03 0.000000000000000000e+00 6.786967553950181475e+00 1.743767320713782154e-02 5.223301162615684445e-01 2.917269860758813227e-01 6.697992475993643779e-01 1.052137035295582113e+00 7.947422824102262640e-02 2.411013014971155610e-02 3.078444626081370400e-03 3.738062300149804212e-03 7.990539979765681408e-03 2.193288493399237968e-03 3.691217848077890107e-01 7.862882543704641930e-03 4.418745782028913466e-02 1.788127753269171680e-03 6.321459051347253465e-03 4.925988587310912298e-02 3.512679375913858176e-02 7.159919739547454531e-02 8.301255820677796993e-02 1.067730063145305275e+00 1.257287801883251399e+00 1.082590682755787959e-01 2.482331822198116655e-02 1.109789234371163190e-02 5.837949400022088842e-01 3.018590998950523852e-02 1.332968468841983466e-02 8.640599276134572904e-01 8.996752770539656607e-03 3.285019043956227680e-02 3.971971365056180085e-03 0.000000000000000000e+00 0.000000000000000000e+00 2.652104493582692957e+00 1.395189072907552412e-03
0.000000000000000000e+00 7.224139140171061471e-03 4.722740569215535286e-04 5.599220682919983823e-03 3.885288493633854562e-02 5.237058392267394252e-02 4.205174044438511616e-02 1.938557275796090940e+00 1.388833788221190690e-01 1.478948836416138723e+00 1.997043445953434748e+00 3.378365735417179078e-02 1.870804163448807622e-01 1.237685627961326723e-01 2.012171589279227746e+01 0.000000000000000000e+00 1.009782785745546896e+01 7.451364338244030883e+00 3.442028742355883186e-01 6.954835735359304882e-01 7.585770173921682624e-02 6.542657222812708895e-02 1.083164118917883112e-01 1.851974030395627142e-03 6.967935885698436138e+00 9.453673474800488750e-04 2.453646655461562496e-03 1.886818946351124810e-03 2.377906426828753708e-03 8.635446442929019639e+00 1.134314280221884914e-02 3.124692767528429171e-01 5.567669233960099717e-01 1.998032478095128850e+00 7.444534538288197778e-01 3.723105139241746075e-02 1.582396997293048294e-02 3.087424394193866856e-03 1.666562767181559938e-03 1.486325815225869595e-02 4.338985539080689006e-03 6.260369933155058852e+00 6.926668049169000876e-03 3.926450003609877060e-01 1.990850923991697129e-03 1.311226866466229553e-02 1.665394357230006173e-01 6.252104722934941072e-02 4.518433546326824923e-01 8.998322748265477067e-01 7.659105190701871457e+00 7.441868595573472023e-01 3.018773796646821370e-02 3.067804510149429315e-02 3.965476487177454525e-03 1.547241101916835282e-01 1.389800235568510456e-01 3.298655024674773673e-02 6.259226129340946798e-01 2.081810269750582199e-02 8.156085980426634394e-03 9.677476850604114014e-03 2.880788402278560735e-03 0.000000000000000000e+00 8.921363916062874821e+00 1.069923904450463927e-03
1.140253987125073231e-03 7.050157805993269126e-03 1.741501391488146488e-03 1.098163863037083209e-02 1.147345337284669253e-01 8.985393612599687496e-03 1.134964454926341154e-01 8.304225255757328172e-01 4.987608943052811994e-01 1.866839128812432858e+00 3.391975575497491180e-01 8.519375055171132805e-02 6.201958159996020514e-01 5.295926179052971167e-02 8.754660980586924657e-01 1.009782785745546896e+01 0.000000000000000000e+00 1.115929789812011563e+01 7.498215933956765555e-01 7.709789752063547219e+00 6.888762896597548646e-02 2.399858649777120156e-02 4.300202522883520562e-01 1.989133470492346172e-03 1.055149581210909915e+01 2.724451026701229465e-03 1.301779609433997495e-02 1.088700459846317532e-02 1.346786284774235259e-02 6.066604773053609068e-02 1.532317669272109315e-02 8.887778638166338174e-02 1.590292862667564977e-01 8.736517232755981466e-01 3.377700668482117585e-01 1.317361649254096545e-01 9.400382250561422834e-03 5.206900713588164670e-03 3.731958810252640653e-03 4.085282480702326358e-02 8.869355037342364217e-03 8.707977323335422071e+00 4.085030709948194588e-02 2.179851312292762522e+00 1.264495474177786041e-03 7.312446864761677767e-02 2.118709296873049208e+00 9.017332538902003147e-01 3.503298370544255302e+00 6.101856752094452219e+00 1.527753201635276392e+00 8.209002444624095840e-02 2.057248821317638268e-02 3.341302495856343646e-02 6.312872183534636028e-03 6.656145296445981074e-02 1.222958236708505397e-01 4.480100627064605850e-02 2.141341726953269464e-01 1.702396287784170917e-02 3.256623097296356458e-03 8.188723095271639718e-03 7.023053691365521711e-03 0.000000000000000000e+00 4.920709949853366294e-01 0.000000000000000000e+00
3.944349573064770756e-04 3.393225712589436824e-03 1.118906749837520875e-03 1.364529990490031749e-02 3.076738032107789039e-02 4.195433077904642954e-02 3.349424940434539422e-02 3.446240499190339479e-01 2.353868899473686993e-01 1.309210284796282986e+00 1.730326096975187466e+00 1.469757460948710459e-01 4.902263012229329808e-01 1.476744048929365671e-01 5.311157418058524149e-01 7.451364338244030883e+00 1.115929789812011563e+01 0.000000000000000000e+00 1.198214096100198489e+01 3.536781573921568889e+00 8.881619609675101001e-01 3.605895529134376387e-01 1.070993908421367991e+00 8.129654058885896206e-03 2.556155002542535026e+00 4.298468133147332303e-03 9.168734317590909733e-03 4.925971414396257235e-03 4.351103832207733543e-03 1.450510722546071163e-01 4.759629657760072741e-02 1.389456062326975549e-01 2.010513948968693509e-01 3.911728926934188721e-01 1.584266120656730170e-01 6.865938109186842109e-02 5.827002871006586697e-03 0.000000000000000000e+00 0.000000000000000000e+00 2.337936515775220978e-02 1.935885533124545588e-02 3.759847874957719771e+00 1.016235600295762320e-01 1.592614016918874276e+00 1.416364143556496586e-03 4.495628204197095468e-02 1.653777003883596830e+00 6.677994019353078459e-01 1.600381787116793575e+00 2.338837311245356876e+00 2.929095251422092483e-01 4.585819027593031338e-02 8.117622659248672698e-03 9.407628145718507917e-03 2.885422901774293593e-03 4.178439020819141314e-02 3.107727494505561905e-02 1.439915718745592675e-02 8.080603571821248776e-02 4.105533723618767956e-03 1.240014942336628741e-02 1.080252833341987942e-03 2.648064148037855212e-02 0.000000000000000000e+00 1.838537277631710209e-01 3.729581791524265661e-04
6.366437547876259515e-04 4.388801801490087307e-03 7.024203550194330547e-04 4.525647472262863541e-02 1.160580632072567495e-02 3.846816837421503099e-02 1.276834385381785293e-02 6.704468915795408490e-02 8.510933729633070322e-02 4.483936607363493421e-01 8.849148312000231220e-01 1.250711717814586843e-01 2.631212062535335239e-01 1.619652165064021654e-01 1.187283750312314312e-01 3.442028742355883186e-01 7.498215933956765555e-01 1.198214096100198489e+01 0.000000000000000000e+00 4.680098622765041405e+00 7.618149102434161435e+00 2.313520353419312059e+00 6.677014687161685336e-01 7.546512764639562443e-02 1.183281280509774103e+00 1.613799015807973122e-02 4.313074297935723909e-03 2.597308416203603261e-03 7.340386534181738516e-04 3.289570667327727793e-02 3.557183820061630974e-02 4.282323037556062112e-02 6.772672973812295105e-02 7.532699430570680144e-02 4.550823664050474698e-02 2.608660694175445743e-02 2.155017614727685812e-03 1.860550938511880935e-03 1.982464060277063910e-03 6.882364676383857793e-02 6.600440691944958749e-02 2.660472754534311424e+00 4.990358519455245778e-01 8.880412844252260074e-01 0.000000000000000000e+00 2.493335625733082983e-01 2.776779538365695021e+00 1.031903775394105605e+00 5.027414080975954880e-01 4.534974611143946510e-01 5.430583640799103995e-02 1.382115653540111344e-02 1.107956591906185048e-02 1.892978521653461551e-03 1.994161388797102089e-03 9.568510307908315721e-03 3.440028367477631147e-03 2.641741613955026543e-03 2.205148683479300417e-02 1.807250791594715170e-03 2.340801232317005036e-03 0.000000000000000000e+00 1.598341779193158119e-01 0.000000000000000000e+00 3.301316534784515255e-02 0.000000000000000000e+00
2.315662893856976407e-04 2.774103969534197703e-03 4.462624075620955783e-03 1.055975245243175875e+00 3.579780143163847905e-02 9.388374939994583585e-03 3.997504720521617011e-02 1.511367398746368551e-01 2.604846025088263795e-01 7.221167737673402920e-01 4.078184360055643332e-01 6.745928747195804875e-02 4.267069335438344324e-01 9.061393470640777270e-02 9.417992926816412536e-02 6.954835735359304882e-01 7.709789752063547219e+00 3.536781573921568889e+00 4.680098622765041405e+00 0.000000000000000000e+00 3.077089446891164037e+00 2.116959056258478356e+00 7.195815863377139632e-01 2.792840587843868905e-01 7.177569501815292519e+00 2.438121135244029347e-01 8.948785765572474238e-03 4.385986972008817757e-03 4.264563749560420537e-03 3.806310441705633429e-02 3.266528325364927848e-02 7.857172734031533934e-02 7.345487136665465600e-02 2.234867202417686050e-01 1.543221805196469676e-01 1.144977408291546206e-01 2.759327614923297832e-03 0.000000000000000000e+00 0.000000000000000000e+00 7.824543457964490134e-01 1.158407811565385748e+00 1.053660625675854057e+01 1.659222085280807724e+00 1.650143064926721470e+00 2.741154047847835923e-03 1.227180384617340358e+00 1.097116265017571912e+01 2.543077958844821573e+00 1.143383692877087521e+00 1.257077766086325710e+00 1.119729043326518486e-01 2.485339755284931423e-02 2.577201663960373285e-02 1.647343439548495936e-02 2.925437483470353511e-03 4.236956526055469380e-02 2.461595979560374584e-02 1.970439023719180657e-02 4.308874736868294197e-02 2.816839341517623878e-03 8.840989314364128965e-03 2.475286558751117576e-03 1.062780623548192027e+00 8.382459087521873737e-04 4.531499865467771004e-02 2.477053832336881386e-04
6.025989632468499923e-04 1.476451661518006541e-03 1.324111768873550976e-02 5.323045579330123456e-01 1.854940853269327174e-03 3.015736424663539514e-02 3.080197359806695952e-03 1.715028131806333248e-02 2.113941528160055358e-02 9.918519892630441037e-02 2.683071573291233025e-01 5.901017728073408575e-02 8.619286355348151907e-02 9.473594366902815533e-02 5.468111275508452662e-02 7.585770173921682624e-02 6.888762896597548646e-02 8.881619609675101001e-01 7.618149102434161435e+00 3.077089446891164037e+00 0.000000000000000000e+00 5.756875842538375032e+00 1.355263393924238946e-01 2.338957089751418084e-01 3.504807499958769723e-01 1.528483122218900758e-01 3.183659614728800991e-03 1.244055865533056889e-03 3.542691005691867598e-04 8.200539832125423867e-03 1.733214571951381330e-02 8.594808628857458083e-03 1.525461815053036352e-02 3.708769208453748661e-02 2.080038414920530251e-02 1.935803021036931401e-02 0.000000000000000000e+00 2.046285405755763308e-03 0.000000000000000000e+00 2.656115215836258314e-01 5.516964594071974703e-01 1.056462277566301067e+00 5.738445652349030146e-01 2.437685286238057414e-01 0.000000000000000000e+00 7.535724106533631117e-01 1.522749201298312594e+00 3.494467438297958473e-01 3.250248161383696016e-02 5.034066775320783504e-02 7.589139165446124637e-03 2.003290952039341911e-03 1.049754817146598398e-03 0.000000000000000000e+00 0.000000000000000000e+00 1.104212568122829629e-03 1.885580562889151721e-03 0.000000000000000000e+00 7.670949915436682878e-03 0.000000000000000000e+00 0.000000000000000000e+00 0.000000000000000000e+00 1.153329997655518468e+00 6.723864045032186716e-03 1.648153543103683671e-02 0.000000000000000000e+00
7.369834828625717324e-04 1.918479298001471217e-03 1.497976167790143476e-01 1.308447360160781114e+00 4.433674500550229165e-03 1.828462978856178547e-02 9.400957720089503367e-03 1.713402140078372493e-02 1.615298266618781300e-02 5.101853949289550383e-02 1.395978174142053496e-01 2.128676507902144133e-02 9.676247517827192557e-02 3.469871605309556850e-01 5.149331417356253771e-02 6.542657222812708895e-02 2.399858649777120156e-02 3.605895529134376387e-01 2.313520353419312059e+00 2.116959056258478356e+00 5.756875842538375032e+00 0.000000000000000000e+00 1.368437776743042789e-01 1.017422374253076578e+00 1.753019853475340784e-01 3.356782208340805429e+00 9.475545821416025624e-03 6.628651043659757394e-03 1.290309041163745707e-03 6.742018745936586600e-03 1.405568554279650398e-02 8.437912754124064080e-03 1.465328319373875726e-02 8.507230377490505868e-02 2.995738991970510121e-02 6.274493779030422547e-02 1.601567635837757150e-03 0.000000000000000000e+00 1.412946152918444394e-03 8.684716048120912912e-01 2.779690225112147584e+00 5.435374562403445520e-01 8.212539679293289208e-01 3.210269836007072497e-01 1.080645960489617615e-03 1.972424805805854386e-01 6.699604883700340796e-01 4.960318579942428474e-02 8.690654438226920811e-03 1.298344538240733294e-02 4.833435254260541082e-03 5.747030646399277180e-03 0.000000000000000000e+00 8.753113941057257376e-04 1.318603350310376416e-03 7.999516647625644654e-04 2.498314629830097541e-03 0.000000000000000000e+00 6.683454899486106389e-03 0.000000000000000000e+00 0.000000000000000000e+00 8.586241712844410552e-04 9.253169077706003831e-01 1.557873281202223166e-03 9.058352406980435881e-03 0.000000000000000000e+00
1.770410747533339782e-02 1.173592761931446099e-01 0.000000000000000000e+00 2.230523387354861609e-01 3.490668886581259952e-03 7.286849817470010711e-03 1.360331809953185030e-03 3.236322079663044721e-02 6.843521630439291896e-03 2.693863264135516744e-02 5.180117888827349276e-02 1.314308439733244578e-02 1.781617905599518908e-02 1.724943017107611817e-02 1.679735020872208731e-02 1.083164118917883112e-01 4.300202522883520562e-01 1.070993908421367991e+00 6.677014687161685336e-01 7.195815863377139632e-01 1.355263393924238946e-01 1.368437776743042789e-01 0.000000000000000000e+00 1.316645103979904441e+01 7.878208951017173334e+00 6.255432919672665459e-01 1.158187952207740366e-02 1.922627781597824326e-03 1.862203167882489152e-03 1.685610481468476918e-01 1.852717196495040408e+00 7.921141556688066077e-01 9.192319077537721483e+00 2.772412393572896594e+00 3.031688700965117222e-01 2.752165299550534128e-01 2.355344955642358143e-02 0.000000000000000000e+00 6.070499882838408315e-03 4.952582368500778598e-01 9.922020687665631389e-01 1.147837755189921971e+01 3.466878470289925573e+00 2.135304965621833162e+01 6.450899813172820269e-03 6.744155207103038618e-01 4.470977581460638284e+00 3.184271862563798017e+00 4.830042185569805469e+00 3.089502872773435715e+00 3.932528010943331376e-01 5.976007262415827109e-02 2.888750841417903406e-02 2.573584217439721725e-02 9.680114560604276622e-03 5.596074751866576130e-02 4.182248936311757509e-02 2.996323540809664454e-02 8.203271385798323323e-02 3.307759267927519540e-03 2.272838493854424657e-02 6.458398492337328635e-03 1.004638711187183731e+00 3.265793946828775881e-03 2.774815923198242773e-01 0.000000000000000000e+00
2.173681394385855795e-03 3.453676148059880990e-02 3.391831765583554550e-03 4.549974144294738898e-01 1.910197389178339654e-04 0.000000000000000000e+00 1.619783661250080644e-04 2.522893680568075864e-03 3.252221105940252682e-04 1.710725303162559906e-03 2.839014648702024770e-03 5.729486662842133392e-04 2.458107432791270443e-03 4.548279073970725069e-03 9.730898058602888796e-04 1.851974030395627142e-03 1.989133470492346172e-03 8.129654058885896206e-03 7.546512764639562443e-02 2.792840587843868905e-01 2.338957089751418084e-01 1.017422374253076578e+00 1.316645103979904441e+01 0.000000000000000000e+00 2.654180587824982673e+00 9.578744509220227243e+00 2.265107539879392638e-03 3.793186443392062472e-04 0.000000000000000000e+00 9.912059210429414319e-03 3.661162489777644580e-01 1.004230736335922775e-01 6.445395825918368571e-01 4.099083152129909813e-01 9.664231233271466937e-02 3.200977024051316899e-01 4.274771565519406430e-02 0.000000000000000000e+00 6.606849624773465310e-03 2.138272670799328701e+00 1.103948395118355030e+01 3.883132064664257310e+00 1.058884644545481812e+01 2.970322678384703874e+00 1.346057372188580632e-03 1.618029339633717534e+00 3.693212807819531651e+00 7.857096029678367621e-01 4.892885538533493089e-02 2.458979048813953946e-02 5.244827010530228248e-03 4.992221456680830984e-03 6.495830109956452977e-03 0.000000000000000000e+00 0.000000000000000000e+00 3.354793426343895529e-03 2.230205469093621447e-03 2.138239879654860783e-03 6.291400212392390945e-03 6.389332048840644374e-03 4.022671761163033009e-03 1.342709553120638791e-03 6.481886742221352193e+00 6.585913997323901946e-03 1.940671264452410380e-02 1.220430083044387552e-03
